# compound_identity_inputs/wildenhain2015_cids.txt
# Source: serve-50 review `Vanacloig2022_Wildenhain2015.md`, Wildenhain section (a) -- every
# distinct PUBCHEM_CID in the pinned release 1159580.csv.gz (PubChem AID 1159580).
# 5,173 CIDs; the 5 SID-only compounds carry no CID and no SMILES and are dropped by the
# loader, so they are deliberately absent here. Names come from PubChem's Title, never
# from the `CID <n>` label.
19
51
76
85
119
137
138
178
185
187
190
199
204
237
243
247
248
249
253
286
289
323
370
401
408
444
462
471
535
546
547
564
581
588
607
650
681
727
738
772
774
785
787
827
830
833
836
838
846
863
864
875
892
896
903
904
914
936
938
951
992
1045
1046
1054
1066
1102
1103
1118
1123
1148
1150
1176
1203
1207
1215
1216
1218
1219
1220
1221
1222
1224
1225
1228
1229
1232
1233
1234
1237
1238
1239
1240
1241
1242
1245
1256
1257
1316
1317
1318
1322
1328
1329
1330
1331
1337
1340
1342
1345
1346
1352
1354
1355
1359
1365
1366
1367
1374
1390
1403
1433
1456
1474
1480
1481
1482
1486
1487
1488
1489
1490
1493
1518
1534
1551
1564
1574
1598
1607
1609
1639
1641
1645
1646
1649
1663
1674
1676
1678
1681
1683
1687
1701
1720
1725
1727
1730
1732
1734
1738
1742
1745
1752
1756
1774
1775
1779
1793
1794
1795
1805
1809
1820
1824
1826
1833
1845
1853
1858
1862
1864
1868
1871
1880
1882
1884
1892
1893
1908
1917
1922
1923
1935
1967
1969
1978
1979
1981
1982
1983
1984
1985
1986
1988
1989
1990
1993
1996
2000
2004
2005
2008
2016
2017
2020
2031
2039
2046
2051
2052
2061
2063
2068
2071
2075
2078
2079
2080
2081
2082
2083
2085
2087
2088
2090
2092
2107
2112
2116
2117
2119
2120
2122
2123
2130
2132
2137
2140
2141
2143
2145
2146
2148
2149
2153
2154
2155
2157
2160
2162
2166
2170
2178
2179
2181
2196
2197
2200
2201
2202
2206
2207
2215
2216
2227
2229
2230
2236
2244
2247
2249
2252
2256
2259
2265
2266
2267
2268
2272
2274
2277
2283
2284
2303
2307
2314
2315
2318
2319
2325
2327
2328
2330
2331
2332
2333
2335
2336
2337
2343
2344
2345
2346
2347
2351
2353
2355
2365
2366
2369
2370
2378
2381
2391
2405
2407
2415
2419
2431
2435
2436
2438
2442
2446
2448
2453
2457
2466
2467
2471
2474
2477
2478
2480
2482
2497
2513
2514
2519
2520
2521
2531
2538
2540
2544
2545
2550
2551
2554
2562
2563
2564
2566
2567
2574
2576
2577
2578
2581
2585
2613
2617
2629
2648
2662
2666
2670
2672
2678
2681
2683
2685
2687
2689
2690
2700
2703
2708
2710
2711
2712
2713
2717
2718
2719
2720
2722
2723
2725
2726
2727
2728
2730
2732
2733
2741
2743
2749
2753
2754
2756
2758
2762
2763
2764
2765
2771
2773
2775
2780
2781
2782
2783
2784
2788
2794
2796
2797
2799
2801
2802
2803
2804
2805
2812
2817
2821
2833
2835
2866
2871
2879
2881
2890
2895
2896
2901
2902
2905
2907
2910
2912
2913
2915
2940
2942
2943
2950
2955
2968
2973
2990
2993
2995
2998
3003
3008
3009
3012
3016
3017
3018
3019
3023
3025
3026
3030
3031
3032
3035
3036
3037
3039
3042
3048
3052
3053
3057
3059
3066
3071
3076
3077
3080
3081
3082
3092
3100
3101
3103
3106
3108
3110
3114
3117
3118
3120
3122
3125
3132
3136
3141
3151
3152
3153
3157
3162
3166
3168
3169
3172
3180
3182
3194
3198
3201
3202
3213
3218
3220
3224
3225
3229
3247
3262
3276
3277
3278
3280
3286
3288
3289
3290
3291
3293
3295
3308
3311
3313
3314
3316
3324
3325
3326
3331
3333
3334
3335
3336
3339
3341
3342
3343
3344
3346
3348
3351
3352
3356
3362
3365
3371
3372
3373
3374
3375
3385
3386
3394
3396
3397
3401
3406
3408
3413
3414
3418
3421
3423
3433
3436
3440
3442
3445
3446
3448
3450
3452
3455
3456
3463
3468
3469
3474
3475
3478
3488
3494
3496
3503
3505
3515
3516
3518
3519
3520
3521
3532
3538
3539
3540
3542
3544
3549
3552
3559
3562
3564
3565
3585
3589
3590
3598
3599
3603
3604
3606
3607
3610
3611
3614
3623
3624
3634
3637
3638
3639
3646
3647
3651
3652
3655
3657
3661
3671
3672
3675
3676
3677
3678
3679
3681
3682
3683
3686
3689
3690
3692
3696
3698
3702
3707
3712
3715
3718
3723
3727
3728
3729
3735
3745
3748
3749
3758
3762
3764
3765
3767
3773
3775
3779
3781
3797
3802
3806
3816
3820
3822
3825
3826
3827
3828
3830
3840
3845
3851
3857
3862
3869
3878
3883
3884
3885
3899
3903
3913
3914
3917
3925
3932
3945
3948
3955
3957
3959
3961
3964
3965
3966
3969
3970
3973
3990
3998
4004
4011
4021
4022
4025
4030
4031
4032
4033
4034
4036
4039
4040
4044
4045
4046
4051
4053
4054
4055
4057
4059
4062
4068
4077
4083
4086
4091
4096
4098
4100
4101
4105
4106
4107
4108
4112
4113
4114
4115
4119
4120
4122
4130
4135
4136
4138
4139
4156
4158
4168
4169
4170
4171
4173
4178
4182
4184
4189
4195
4196
4197
4199
4201
4211
4212
4213
4216
4217
4236
4238
4260
4266
4277
4278
4284
4289
4296
4308
4342
4353
4362
4363
4364
4365
4366
4367
4375
4376
4380
4381
4382
4386
4389
4397
4400
4401
4407
4409
4416
4417
4418
4420
4421
4431
4436
4450
4456
4472
4474
4477
4485
4487
4488
4493
4495
4497
4498
4499
4500
4507
4511
4515
4528
4534
4539
4543
4549
4551
4552
4567
4573
4578
4581
4583
4592
4594
4601
4614
4615
4618
4619
4621
4622
4624
4626
4628
4629
4630
4632
4634
4636
4641
4642
4649
4650
4652
4654
4656
4658
4666
4671
4677
4678
4679
4680
4684
4685
4687
4688
4696
4713
4728
4735
4737
4740
4745
4746
4747
4748
4753
4754
4756
4760
4761
4764
4767
4768
4771
4775
4779
4780
4781
4782
4787
4788
4790
4792
4793
4806
4810
4811
4814
4819
4822
4825
4826
4828
4829
4830
4831
4832
4837
4838
4839
4842
4843
4847
4848
4850
4855
4868
4871
4876
4883
4885
4886
4891
4893
4904
4906
4908
4909
4910
4911
4912
4913
4914
4917
4919
4922
4923
4926
4927
4928
4929
4930
4931
4932
4933
4934
4935
4936
4937
4938
4943
4944
4946
4976
4977
4991
4992
4993
4994
5002
5004
5011
5012
5013
5014
5032
5035
5037
5042
5052
5054
5055
5059
5064
5070
5071
5073
5074
5078
5086
5087
5090
5092
5094
5095
5100
5102
5104
5117
5125
5139
5142
5143
5144
5146
5147
5152
5154
5161
5163
5169
5191
5195
5196
5198
5202
5210
5215
5216
5219
5227
5230
5231
5233
5236
5253
5265
5268
5270
5275
5282
5302
5312
5314
5315
5318
5319
5320
5323
5324
5325
5326
5327
5328
5329
5330
5332
5333
5334
5335
5336
5337
5339
5340
5342
5344
5353
5354
5355
5358
5359
5362
5368
5369
5379
5382
5383
5387
5392
5401
5403
5405
5411
5417
5419
5420
5424
5425
5426
5429
5430
5447
5452
5453
5455
5457
5467
5472
5475
5479
5482
5494
5501
5503
5504
5505
5508
5510
5511
5512
5518
5520
5522
5526
5530
5533
5537
5541
5543
5546
5560
5561
5564
5565
5566
5567
5568
5569
5570
5572
5573
5574
5577
5578
5584
5585
5587
5593
5595
5603
5606
5610
5614
5615
5619
5624
5626
5634
5639
5640
5641
5646
5649
5656
5662
5665
5673
5680
5681
5684
5685
5694
5697
5699
5707
5709
5711
5712
5714
5723
5732
5733
5735
5745
5749
5753
5754
5757
5770
5775
5780
5781
5808
5816
5819
5850
5852
5853
5861
5870
5892
5902
5906
5910
5917
5927
5946
5953
5960
5961
5975
5983
5994
6000
6009
6035
6041
6047
6049
6054
6058
6072
6076
6077
6082
6103
6112
6128
6167
6197
6205
6207
6234
6238
6253
6274
6293
6301
6305
6322
6466
6477
6508
6603
6634
6683
6697
6716
6726
6736
6738
6755
6758
6759
6780
6806
6834
6855
6872
6883
7011
7019
7020
7028
7121
7156
7172
7184
7187
7196
7334
7389
7575
7595
7669
8226
8249
8357
8362
8369
8371
8427
8433
8434
8515
8530
8546
8549
8569
8574
8609
8616
8682
8742
8743
8815
8969
9064
9154
9298
9308
9363
9367
9415
9444
9500
9528
9649
9651
9681
9880
10143
10147
10205
10206
10208
10212
10219
10228
10251
10255
10272
10281
10297
10302
10531
10603
10607
10639
10659
10660
10718
10742
10745
10748
10790
10805
10819
10831
10917
10982
11012
11052
11092
11095
11128
11157
11224
11289
11333
11349
11458
11492
11617
11952
12035
12124
12420
12478
12545
12555
12560
12620
12629
12852
12867
13237
13622
13637
13650
14052
14079
14130
14190
14369
14891
14900
14969
15443
15459
15488
15541
15548
15910
16057
16231
16315
16362
16367
16486
16590
16666
16850
16960
17104
17198
18087
18283
18343
18538
18721
18867
19009
19529
19667
20345
20478
20525
20544
20842
21157
21183
21704
21989
22121
22503
22530
22565
22752
22880
23307
23497
23539
23725
24066
24135
24139
24144
24352
24360
24707
25222
25740
26248
26447
26532
26579
26792
26879
26934
26987
27200
27400
27661
28061
28398
28688
28693
28864
29112
29327
29766
30323
30627
30751
30818
30928
31072
31101
31116
31307
31348
31404
31411
31553
31729
31762
31970
32324
33028
33032
33036
33624
33630
34040
34151
34312
34359
34751
35035
35370
36294
36324
36332
36339
36811
37123
37459
37542
38000
38081
38853
39042
39147
39186
39214
39385
39562
39836
39859
39912
40539
40632
40854
40958
41774
41781
41867
42890
43231
43262
43815
44093
44383
46695
47445
47811
50248
50250
51039
51040
51081
53232
53276
53708
54454
54459
54562
54766
54892
55245
55283
55918
56208
56959
57242
59916
60026
60490
60606
60663
60703
60795
60835
60840
60846
60857
60860
60961
61100
61125
62362
64685
64715
64782
64927
64952
64961
65029
65064
65065
65069
65174
65188
65411
65552
65736
65752
65999
66414
66569
66628
66634
66654
66704
66897
67069
67353
68065
68066
68071
68072
68073
68077
68079
68082
68085
68093
68094
68111
68112
68204
68262
68296
68368
68477
68496
68591
68617
68712
68827
68841
69124
69216
69301
69368
69505
70016
70134
70547
70588
70639
70641
70664
70912
70914
71034
71077
71188
71203
71212
71277
71398
71399
71485
71567
71651
71754
71777
71815
72016
72054
72124
72139
72172
72241
72276
72277
72281
72344
72430
72435
72440
72724
72853
72899
73078
73094
73157
73314
73333
73416
73484
73563
73677
74098
74177
74708
74724
74812
74947
74989
75629
75653
76070
76229
76658
76780
77116
77553
77647
77793
77999
78066
78094
78381
79106
79567
79730
79737
80201
80207
80220
80308
80664
81721
82516
82693
83343
83862
84029
85184
85881
86605
87310
87691
88019
88881
89034
89105
89242
89281
89594
89640
89643
90010
90540
90866
91277
91461
91536
91769
92122
92136
92409
92987
93004
94175
94230
94719
94870
94873
95168
95230
96009
96215
96539
97142
97143
97214
97226
97286
97332
97587
97807
98363
98578
99114
99562
99600
99613
99652
99926
100526
100768
100892
101277
101283
101459
101612
101616
101685
101744
101748
101795
102764
102861
103845
104762
104766
104845
104872
104895
104934
104973
104999
105741
107126
107681
107704
107715
107780
107794
107807
107812
107838
107905
107935
107968
107982
107984
107995
108094
108104
108107
108137
110635
110685
111128
114682
114745
114771
114924
115019
115348
118215
118946
119020
119039
119376
119558
119565
119607
120369
121019
121805
121881
121930
122070
122187
122215
122634
122724
123600
123606
123679
123692
123831
123895
123981
124087
124886
125328
125889
125917
126280
126402
128355
128563
130881
131204
131307
131747
132496
132837
132846
132862
133012
133538
133621
133633
133673
134601
135269
135313
135348
135728
136419
136420
136620
139601
142579
145659
145726
145815
145949
146033
146570
147004
149096
149755
149784
150885
154618
155578
155774
155806
156314
156391
156615
157474
157837
157991
158573
159055
159516
159908
160254
160355
160453
160514
160743
160909
161313
161713
161930
162132
163332
164437
164676
164723
164739
164791
165210
165506
167529
167683
167715
167945
168613
169373
170088
172307
173273
173871
175540
176157
176158
179651
180081
180559
181513
181620
182362
182659
184820
185859
188803
192191
193112
194216
196664
196875
196990
197690
197835
200145
200213
202478
204966
208902
219324
219693
220184
221071
221219
222515
222786
224172
227456
227829
228640
230363
230460
231412
233299
234105
234873
234911
235112
235184
235914
238769
241889
243723
245122
245718
245811
247211
247440
247704
248474
248507
253305
253602
256293
257811
259632
259819
261859
262093
262162
263211
264092
264247
266109
266124
269315
269935
270559
270959
273110
273535
273730
275196
278679
285163
291461
291704
294641
296291
296913
297591
297812
297897
300054
300570
300915
300920
301558
303993
304813
304838
304843
304880
304995
304996
305252
310095
310468
312852
317089
317093
317317
317340
319068
321707
322640
326186
327073
328916
328934
331771
332153
334150
334704
335067
335147
335188
335610
339735
342459
342466
342555
343083
345398
348153
350282
354445
357467
358832
361510
361655
363863
364106
378567
379871
382423
386331
390807
402636
405252
405767
408296
414566
429190
433294
434143
434511
439202
439224
439246
439260
439280
439318
439378
439501
439503
439647
439744
439772
440005
440053
440707
440904
440936
441014
441074
441140
441276
441289
441333
441334
441350
441477
442128
442247
442291
442292
442397
442649
442872
442894
442897
442912
442916
442965
443120
443158
443239
443372
443390
443586
443600
443639
443953
443955
444212
444539
444795
444899
444972
445070
445154
445227
445354
445643
445858
446157
446378
446541
446596
446727
446849
447043
447196
447213
448537
449215
451515
451991
454937
455107
455260
456201
460178
460612
467299
467315
470999
475318
475319
483168
485707
487717
514826
518601
518605
519294
519662
521132
521171
521269
522173
529402
533318
539123
540698
540945
541288
546157
558969
560437
567937
569245
573740
574145
576491
576808
578559
582392
584330
588043
589922
591366
592220
595406
595774
596344
597579
598987
598988
599030
599126
599629
600599
600605
600670
602044
602781
605976
606422
606670
606826
606993
607587
609688
610479
610682
612556
613091
613843
614998
620362
623313
624785
626459
627044
627090
627280
628698
628891
629853
630921
631414
637213
637563
637566
637570
637796
637858
638024
638034
638278
640429
640430
641385
641818
641871
643606
644160
644213
645618
651606
656580
656717
656743
656765
657298
657347
666418
667466
667468
667476
667477
667490
667493
667511
667639
667645
668081
674895
676288
676292
676293
676436
678739
682802
683988
688020
688042
688095
688272
688292
688570
688592
688662
688664
688666
688667
688669
688670
688671
688672
688674
688689
688699
688715
689043
692403
692416
692668
692687
694151
694533
694858
696011
696273
696326
697011
697993
698268
698750
699435
700018
700653
700805
701015
702220
702666
706187
706200
706569
706965
707035
707160
708242
708470
708514
711171
711494
711751
713595
714249
714372
714569
714692
715052
715106
716121
716312
716429
717531
718956
719408
721947
721996
723234
723407
723624
723696
723783
726481
726577
727263
727309
727440
727515
727800
727967
729135
729141
731363
731733
731793
732508
732973
735755
735910
735911
736228
736715
736731
736745
736934
736983
737507
738483
738484
738704
742856
749973
765362
782123
795044
805279
821428
822798
838674
840181
854019
854026
941361
941650
941651
965143
978386
982608
985373
1042895
1072713
1099276
1119211
1143175
1191590
1241332
1241566
1241589
1241629
1269845
1349907
1390826
1403142
1547484
1548887
1548943
1548955
1548968
1548970
1549008
1549082
1549098
1549477
1549512
1550607
1550885
1617430
1622530
1652112
1711973
1715307
1755800
1794427
1804455
1810978
1892403
2047325
2245936
2252938
2290468
2290600
2305089
2305454
2723601
2723877
2724354
2725202
2725211
2725285
2725325
2725335
2725363
2725369
2725406
2725459
2725482
2725490
2725522
2725563
2725619
2725694
2725731
2725740
2725801
2725826
2725856
2725878
2725908
2725952
2725991
2725999
2726032
2726061
2726088
2726173
2726388
2726469
2726539
2726570
2726571
2726670
2726713
2726776
2726837
2727100
2727206
2727223
2727316
2727342
2727412
2727422
2727433
2727584
2727594
2727610
2727639
2727640
2727668
2727683
2727745
2727770
2727804
2727831
2727879
2727886
2727904
2727916
2727934
2727981
2727999
2728022
2728055
2728058
2728066
2728075
2728082
2728101
2728122
2728130
2728134
2728142
2728143
2728152
2728158
2728162
2728195
2728211
2728213
2728220
2728230
2728240
2728250
2728251
2728257
2728263
2728283
2728330
2728346
2728374
2728441
2728442
2728453
2728466
2728484
2728498
2728509
2728539
2728596
2728620
2728623
2728653
2728763
2728924
2729046
2729091
2729405
2729492
2729501
2729533
2729538
2729622
2729754
2729786
2729883
2729897
2729941
2729980
2730009
2730077
2730105
2730158
2730255
2730294
2730329
2730353
2730392
2730458
2730548
2730578
2730656
2730663
2730701
2730998
2731001
2731049
2731075
2731095
2731115
2731140
2731179
2731210
2731265
2731326
2731378
2731384
2731466
2731500
2731589
2731699
2731884
2731946
2731984
2732078
2732101
2732106
2732157
2732205
2732294
2732362
2732369
2732509
2732510
2732522
2732559
2732574
2732584
2732664
2732747
2732761
2732763
2732855
2733484
2733517
2733525
2733526
2733529
2735263
2735292
2735512
2735523
2735548
2735626
2735635
2735646
2735652
2735676
2735789
2735805
2735839
2735862
2736012
2736114
2736171
2736189
2736420
2736424
2736433
2736484
2736504
2736611
2736647
2736837
2736868
2737320
2737847
2737853
2737971
2738035
2738053
2738110
2738981
2739004
2739060
2739199
2739214
2739366
2739379
2739428
2739444
2739488
2739632
2739657
2739676
2739697
2739724
2739784
2739968
2739990
2739992
2740036
2740047
2740088
2740129
2740132
2740162
2740173
2740205
2740230
2740273
2740275
2740279
2740329
2740402
2740499
2740536
2740588
2740629
2740668
2740756
2740782
2740784
2740814
2740821
2740897
2740949
2741036
2741070
2741087
2741123
2741130
2741145
2741164
2741203
2741204
2741227
2741264
2741286
2741307
2741355
2741371
2741375
2741376
2741392
2741425
2741437
2741471
2741493
2741507
2741522
2741536
2741540
2741549
2741550
2741559
2741562
2741565
2741566
2741567
2741568
2741582
2741602
2741603
2741622
2741634
2741643
2741653
2741664
2741673
2741690
2741699
2741706
2741716
2741728
2741732
2741753
2741784
2741804
2741813
2741866
2741882
2741915
2741935
2741951
2741983
2742014
2742039
2742052
2742054
2742096
2742129
2742131
2742135
2742143
2742144
2742146
2742168
2742184
2742261
2742325
2742349
2742352
2742360
2742369
2742379
2742404
2742454
2742652
2742750
2742755
2742764
2742774
2742789
2742818
2742830
2742873
2742903
2742959
2742968
2743010
2743024
2743078
2743101
2743103
2743165
2743170
2743172
2743204
2743218
2743281
2743353
2743418
2743430
2743441
2743539
2743552
2743581
2743678
2743794
2743824
2743870
2743871
2743922
2743935
2743948
2743957
2744022
2744079
2744227
2744279
2744312
2744314
2744520
2744546
2744601
2744708
2744767
2744883
2744989
2745057
2745077
2745105
2745112
2745353
2745572
2745774
2745857
2745891
2745980
2745993
2746082
2746124
2746368
2746495
2746600
2746625
2746633
2746655
2746659
2746663
2746668
2746764
2746793
2746850
2746883
2746935
2746981
2747017
2747130
2747167
2747207
2747220
2747259
2747277
2747299
2747327
2747366
2747403
2747423
2747465
2747482
2747494
2747502
2747533
2747561
2747567
2747596
2747645
2747680
2747690
2752274
2754097
2754130
2757788
2761171
2774255
2774659
2774818
2774832
2774931
2774978
2775005
2775027
2775140
2775271
2775795
2776880
2776881
2777478
2777563
2777588
2777721
2778500
2778534
2778671
2778686
2778783
2778855
2778906
2778937
2778961
2779087
2779128
2779166
2779193
2779236
2780090
2781638
2782087
2782097
2784980
2794188
2794990
2795128
2795643
2795735
2795741
2795747
2795773
2795777
2795802
2795829
2795849
2795858
2795875
2795885
2795923
2795986
2796003
2796020
2796021
2796056
2796076
2796097
2796137
2796170
2796210
2796244
2796288
2796396
2796417
2796431
2796450
2796503
2796511
2796512
2796526
2796542
2796571
2796609
2796627
2796692
2796704
2796727
2796736
2796737
2796755
2796788
2796807
2796808
2796816
2796831
2796845
2796861
2796865
2796890
2796895
2796931
2796967
2797031
2797050
2797113
2797137
2797172
2797182
2797216
2797266
2797284
2797310
2797326
2797353
2797372
2797418
2797441
2797452
2797459
2797487
2797515
2797517
2797538
2797556
2797562
2797685
2797852
2797866
2797873
2797895
2797930
2797938
2797951
2797968
2798124
2798171
2798194
2798270
2798325
2798359
2798407
2798456
2798492
2798541
2798553
2798570
2798589
2798591
2798633
2798656
2798681
2798704
2798748
2798777
2798810
2798843
2798863
2798889
2798890
2798923
2798982
2799024
2799055
2799066
2799070
2799084
2799120
2799122
2799169
2799178
2799214
2799266
2799275
2799305
2799308
2799341
2799364
2799369
2799382
2799427
2799455
2799480
2799495
2799525
2799526
2799564
2799595
2799598
2799650
2799656
2799658
2799669
2799679
2799683
2799695
2799721
2799742
2799766
2799813
2799856
2799861
2799894
2799957
2800007
2800012
2800120
2800143
2800170
2800220
2800230
2800236
2800316
2800340
2800462
2800562
2800581
2800589
2800729
2800777
2800791
2800820
2800832
2800861
2800865
2800901
2800948
2800973
2800981
2801002
2801027
2801086
2801116
2801230
2801517
2801566
2801576
2801587
2801602
2801612
2801646
2801652
2801746
2802004
2802031
2802091
2802232
2802274
2802281
2802401
2802433
2802462
2802484
2802486
2802510
2802655
2802677
2802693
2802715
2802741
2802774
2802776
2802819
2803096
2803205
2803272
2803280
2803310
2803343
2803378
2803414
2803516
2803540
2803558
2803625
2803648
2803775
2803781
2803801
2803865
2803908
2803958
2803996
2803999
2804008
2804019
2804078
2804097
2804101
2804117
2804187
2804195
2804261
2804290
2804305
2804323
2804367
2804393
2804569
2804599
2804618
2804627
2804648
2804652
2804666
2804668
2804680
2804779
2804794
2804967
2805031
2805113
2805148
2805164
2805167
2805189
2805370
2805415
2805478
2805502
2805525
2805545
2805590
2805652
2805736
2805761
2805787
2805793
2805808
2805901
2805979
2806019
2806053
2806102
2806137
2806164
2806189
2806367
2806423
2806434
2806436
2806472
2806537
2806711
2806734
2806760
2806805
2806807
2806824
2806845
2806874
2806900
2806918
2806928
2806972
2807030
2807086
2807136
2807175
2807226
2807283
2807301
2807305
2807379
2807502
2807507
2807534
2807725
2807728
2807819
2807937
2808039
2808162
2808215
2808364
2808367
2808376
2808496
2808510
2808514
2808742
2808762
2808808
2808848
2808910
2808919
2808927
2808930
2809144
2809167
2809189
2809193
2809202
2809268
2809271
2809281
2809296
2809328
2809349
2809366
2809389
2809410
2809437
2809465
2809528
2809597
2809731
2809783
2809816
2809871
2809904
2809929
2809985
2810025
2810087
2810174
2810212
2810289
2810316
2810328
2810348
2810392
2810393
2810624
2810667
2810825
2811066
2811192
2811258
2811329
2811331
2811338
2811345
2811347
2811427
2811440
2811450
2811489
2811555
2811669
2811690
2811818
2811850
2812038
2812102
2812150
2812212
2812366
2812455
2812491
2812493
2812494
2812524
2812529
2812567
2812583
2812647
2812872
2812873
2812884
2812886
2813081
2813267
2813456
2813606
2813806
2813859
2813861
2814397
2814481
2814825
2815151
2815736
2817216
2817259
2817351
2817406
2817456
2817537
2817714
2817771
2817857
2817969
2818018
2818048
2818231
2818254
2818339
2818377
2818393
2818472
2818477
2818502
2818541
2818559
2818587
2818594
2818601
2818605
2818622
2818650
2818678
2818775
2818796
2818831
2818862
2818868
2818879
2818930
2818948
2818976
2819027
2819067
2819091
2819095
2819138
2819140
2819197
2819229
2819292
2819339
2819474
2819498
2819522
2819536
2819696
2819858
2820027
2820045
2820086
2820120
2820163
2820295
2820303
2820343
2820388
2820412
2820490
2820604
2820708
2820855
2820950
2821019
2821046
2821098
2821105
2821238
2821283
2821319
2821426
2821439
2821482
2821489
2821498
2821527
2821636
2821652
2821897
2821936
2822043
2822100
2822261
2822262
2822325
2822408
2822409
2822530
2822603
2822686
2822718
2822797
2822800
2822975
2823067
2823088
2823138
2823259
2823266
2823268
2823294
2823304
2823330
2823342
2823354
2823366
2823369
2823382
2823413
2823427
2823436
2823446
2823461
2823473
2823500
2823569
2823624
2823667
2823698
2823704
2823707
2823742
2823748
2823808
2823868
2823877
2823879
2823892
2823932
2823958
2824019
2824117
2824155
2824260
2824353
2824371
2824539
2824542
2824583
2824589
2824613
2824648
2825220
2825521
2826060
2826096
2826212
2826228
2826245
2826269
2826285
2826295
2826296
2826313
2826338
2826377
2826410
2826435
2826527
2826537
2826540
2826625
2826641
2826691
2837663
2837746
2837747
2921148
2987927
3001055
3001077
3001199
3001200
3003565
3005573
3010922
3015189
3015195
3017661
3018579
3025961
3032791
3032818
3033637
3033769
3034814
3035523
3035905
3036289
3036864
3037032
3037037
3038495
3058754
3074827
3080557
3080928
3083809
3083928
3084545
3094616
3270699
3271506
3272300
3277600
3279840
3287182
3298734
3310692
3315620
3335443
3344818
3344819
3353976
3378093
3392731
3414877
3428129
3439696
3448892
3473650
3492326
3495594
3503044
3503223
3505890
3507056
3513772
3519541
3548249
3549980
3554670
3578030
3583078
3612673
3626837
3636249
3638736
3642305
3645619
3646533
3646534
3654103
3661570
3676012
3716204
3721665
3736946
3806117
3807720
3811346
3851247
3860435
3867237
3867239
3870203
3873459
3881907
3887492
3899541
3908719
3919910
3926765
3932022
3938139
3940691
3943541
3950721
3950722
3952079
3952178
3953335
3955970
3979998
3983547
3985760
3989419
3996620
4000243
4003969
4012414
4018928
4020240
4020695
4026888
4030255
4030850
4035263
4036085
4046493
4055238
4059895
4115461
4139109
4172142
4177957
4201615
4202701
4210951
4214916
4217462
4221449
4223812
4229818
4238966
4248289
4262362
4270081
4281597
4282258
4284720
4284721
4303260
4303262
4303263
4303567
4303569
4304691
4306515
4309556
4309557
4311638
4317971
4320063
4330530
4336830
4350931
4364547
4369359
4412068
4420320
4438437
4439179
4445621
4457488
4460995
4544837
4549312
4549642
4552810
4564402
4565183
4574925
4577404
4579738
4587968
4605800
4615193
4620898
4643333
4643334
4646739
4657307
4659392
4660579
4667269
4668904
4673190
4675515
4990100
5018304
5024745
5024764
5034182
5036604
5040063
5043215
5053503
5086465
5093700
5098884
5098885
5108833
5126442
5149276
5152597
5152777
5176389
5186403
5194698
5206886
5206924
5216651
5218788
5219341
5234790
5236783
5244802
5271544
5273569
5280335
5280343
5280352
5280371
5280373
5280378
5280440
5280442
5280443
5280445
5280457
5280460
5280489
5280531
5280569
5280647
5280704
5280746
5280754
5280953
5280961
5280980
5281004
5281032
5281033
5281035
5281067
5281068
5281227
5281228
5281365
5281404
5281416
5281417
5281426
5281601
5281605
5281607
5281612
5281614
5281617
5281646
5281650
5281670
5281672
5281691
5281701
5281708
5281719
5281767
5281777
5281787
5281804
5281805
5281847
5281855
5281858
5281881
5282073
5282096
5282106
5282139
5282150
5282168
5282230
5282242
5282318
5282362
5282379
5282408
5282443
5282759
5283389
5283454
5284451
5284507
5284607
5284627
5288209
5288600
5289501
5289928
5310956
5310987
5311189
5311198
5311200
5311203
5311238
5311346
5311430
5311432
5311501
5312137
5312145
5312331
5315615
5315742
5315841
5316606
5316743
5317058
5317221
5317223
5317419
5317881
5318386
5318562
5318569
5318834
5318997
5319022
5319502
5319551
5319771
5320346
5320509
5320556
5320650
5320716
5321342
5322256
5328760
5328769
5328770
5328771
5328772
5328773
5328779
5328791
5328804
5329098
5329255
5329275
5352133
5353356
5353357
5353365
5353395
5353398
5353432
5353454
5353513
5353532
5353563
5353635
5353636
5353639
5353646
5353685
5353758
5353771
5353788
5353792
5353830
5354284
5354423
5355836
5355888
5356121
5357218
5358904
5358907
5360630
5361192
5361463
5361979
5362119
5362124
5362129
5363614
5363694
5365247
5365426
5368397
5368686
5370536
5372720
5372742
5374464
5374647
5375199
5375356
5375839
5376778
5376876
5376979
5377381
5377914
5378084
5378189
5379071
5379338
5379540
5379561
5380394
5381034
5381680
5381768
5386259
5388793
5388962
5390108
5391149
5393151
5393152
5394722
5397276
5398551
5398615
5399201
5420804
5458526
5459308
5460033
5464170
5464436
5469318
5472495
5477212
5480230
5480431
5482101
5484286
5486172
5491415
5493444
5580707
5701985
5701990
5701996
5701997
5701998
5701999
5702000
5702001
5702003
5702007
5702015
5702028
5702030
5702031
5702034
5702035
5702036
5702040
5702041
5702042
5702044
5702048
5702050
5702051
5702055
5702058
5702060
5702063
5702065
5702067
5702068
5702069
5702072
5702074
5702077
5702079
5702080
5702081
5702084
5702085
5702090
5702092
5702093
5702094
5702095
5702096
5702099
5702106
5702107
5702108
5702109
5702114
5702116
5702120
5702124
5702125
5702126
5702127
5702131
5702134
5702135
5702136
5702138
5702140
5702142
5702145
5702147
5702148
5702153
5702157
5702158
5702164
5702166
5702170
5702172
5702173
5702174
5702175
5702181
5702197
5702198
5702199
5702208
5702210
5702211
5702213
5702219
5702226
5702227
5702228
5702233
5702239
5702240
5702243
5702244
5702254
5702258
5702264
5702265
5702266
5702274
5702275
5702277
5702278
5702280
5702286
5702287
5702293
5702294
5702402
5702423
5702489
5702857
5702879
5702927
5702936
5702960
5702969
5703018
5703025
5703045
5703056
5703079
5703081
5703084
5703122
5703224
5703302
5703393
5703408
5703445
5703473
5703477
5703501
5703547
5703548
5703551
5703567
5703578
5703579
5703669
5703701
5703778
5703830
5703848
5703864
5703909
5703990
5704008
5704020
5704025
5704027
5704072
5704084
5704099
5704102
5704104
5704244
5704390
5704394
5704425
5704434
5704524
5704525
5704528
5704529
5704556
5708862
5708963
5709045
5709054
5711223
5712283
5712334
5712462
5712636
5712704
5712707
5712796
5712815
5712886
5712901
5712939
5712974
5712993
5713009
5713058
5713107
5713110
5713122
5713140
5713150
5713232
5713352
5713355
5713381
5713384
5713385
5713480
5713498
5713533
5713587
5713660
5713750
5713771
5713803
5713825
5713955
5713965
5714093
5714101
5714131
5714135
5714141
5714150
5714235
5714245
5714278
5714319
5714406
5714431
5714473
5714494
5715122
5715212
5715248
5715270
5715271
5715273
5715357
5715381
5715408
5715420
5715426
5715427
5715460
5715501
5715502
5715504
5715556
5715630
5715652
5715662
5715734
5715824
5715827
5715854
5715910
5715918
5715990
5715991
5716030
5716057
5716155
5716173
5716213
5716291
5716314
5716318
5716410
5716712
5716768
5716783
5716833
5716873
5781144
5781145
5781146
5781195
5794314
5809202
5810067
5827643
5829429
5839209
5839960
5840039
5841036
5846731
5869436
5875451
5898936
5899218
5907388
5913872
5915851
5918597
5924208
5924338
5932421
5940264
5946498
5951068
5955283
5955473
5962587
5967872
5983661
5986986
5993710
6022229
6063287
6065602
6081319
6093340
6097621
6101956
6105572
6111564
6146472
6150640
6151409
6160690
6187145
6250403
6255462
6278000
6324643
6324671
6327770
6364720
6364728
6364777
6364826
6376436
6377423
6392934
6398657
6398997
6399253
6409688
6412645
6419918
6420043
6420057
6426739
6426741
6426742
6433192
6433553
6436473
6450842
6453092
6473756
6473883
6474295
6476986
6481646
6509016
6510278
6518171
6526396
6602476
6602492
6602494
6603697
6603703
6603710
6603715
6603717
6603723
6603748
6603753
6603782
6603792
6603797
6603798
6603818
6603820
6603822
6603827
6603828
6603849
6603854
6603857
6603862
6603866
6603867
6603881
6603882
6603884
6603892
6603897
6603900
6603901
6603913
6603915
6603922
6603928
6603931
6603967
6603972
6603998
6604000
6604009
6604029
6604042
6604151
6604724
6604769
6604858
6604887
6604889
6610290
6708463
6708501
6708502
6708503
6708504
6708506
6708507
6708508
6708509
6708512
6708513
6708514
6708515
6708516
6708517
6708518
6708519
6708521
6708522
6708523
6708525
6708526
6708527
6708528
6708529
6708530
6708531
6708532
6708533
6708534
6708535
6708537
6708538
6708539
6708540
6708543
6708545
6708546
6708547
6708548
6708549
6708550
6708551
6708553
6708555
6708556
6708557
6708558
6708560
6708561
6708562
6708563
6708564
6708566
6708568
6708569
6708571
6708572
6708573
6708574
6708575
6708577
6708578
6708579
6708581
6708582
6708583
6708584
6708585
6708586
6708587
6708588
6708589
6708590
6708591
6708592
6708593
6708594
6708597
6708599
6708600
6708605
6708606
6708607
6708609
6708610
6708611
6708613
6708614
6708615
6708616
6708617
6708618
6708619
6708622
6708624
6708625
6708627
6708630
6708631
6708633
6708634
6708636
6708637
6708638
6708640
6708642
6708643
6708644
6708646
6708650
6708651
6708653
6708654
6708656
6708657
6708658
6708659
6708660
6708661
6708663
6708664
6708665
6708666
6708668
6708669
6708673
6708674
6708675
6708677
6708678
6708681
6708682
6708683
6708684
6708685
6708687
6708691
6708692
6708693
6708694
6708695
6708698
6708699
6708700
6708701
6708702
6708704
6708705
6708706
6708707
6708708
6708709
6708710
6708711
6708712
6708714
6708715
6708716
6708717
6708718
6708719
6708720
6708722
6708723
6708724
6708725
6708727
6708728
6708730
6708732
6708733
6708736
6708739
6708740
6708747
6708748
6708750
6708753
6708755
6708756
6708757
6708758
6708759
6708760
6708761
6708762
6708763
6708764
6708769
6708772
6708773
6708777
6708778
6708781
6708782
6708784
6708786
6708787
6708789
6708790
6708791
6708793
6708795
6708798
6708799
6708809
6708812
6708815
6708816
6708818
6710614
6710615
6710616
6710619
6710620
6710621
6710622
6710623
6710625
6710627
6710628
6710629
6710630
6710631
6710632
6710633
6710639
6710640
6710641
6710642
6710643
6710645
6710647
6710648
6710650
6710651
6710652
6710653
6710654
6710655
6710657
6710658
6710659
6710660
6710661
6710662
6710664
6710665
6710666
6710667
6710668
6710670
6710671
6710672
6710674
6710676
6710677
6710678
6710679
6710680
6710682
6710683
6710684
6710686
6710690
6710691
6710693
6710697
6710698
6710699
6710700
6710704
6710718
6710720
6710721
6710724
6710726
6710727
6710728
6710729
6710732
6710733
6710734
6710735
6710736
6710737
6710738
6710740
6710741
6710742
6710743
6710744
6710745
6710747
6710748
6710749
6710750
6710753
6710755
6710760
6710762
6710763
6710769
6710770
6710771
6710773
6710775
6710779
6710780
6710816
6713976
6714004
6728940
6728943
6728944
6728948
6728949
6728950
6850813
6857762
6857763
6857764
6857765
6857767
6857768
6857769
6857770
6857772
6857777
6857778
6857781
6857782
6857783
6857784
6857785
6857786
6857787
6857788
6857789
6857790
6857791
6857792
6857793
6857794
6857795
6857796
6857797
6857799
6916127
6918215
6918483
6925666
7048634
7188333
7240495
9777579
9799515
9807829
9816005
9816206
9819203
9821465
9826034
9831415
9841284
9847023
9868609
9883500
9891217
9916118
9917275
9928898
9939594
9951825
9995423
10035933
10059956
10098248
10220536
10253795
10313252
10321498
10353845
10386195
10404739
10434468
10452020
10861069
10893929
10965145
11194591
11538542
11836785
11957440
11957443
11957446
11957457
11957459
11957460
11957461
11957463
11957468
11957469
11957472
11957482
11957488
11957496
11957498
11957499
11957502
11957503
11957504
11957508
11957513
11957514
11957516
11957518
11957520
11957527
11957530
11957533
11957539
11957542
11957545
11957563
11957575
11957582
11957585
11957586
11957587
11957597
11957602
11957607
11957610
11957615
11957632
11957637
11957638
11957641
11957642
11957644
11957646
11957650
11957655
11957659
11957661
11957663
11957666
11957676
11957678
11957679
11957686
11957699
11957701
11957702
11957712
11957715
11957716
11957720
11957722
11957723
11957724
11957727
11957729
11963622
11973708
12084804
12598150
12598376
12989332
13590084
13728410
14037937
14307943
14403178
14856193
15558324
15940185
16129666
16132496
16134267
16219638
16667689
16667697
16667701
16667702
16667704
16667710
16667713
16667715
16667719
16667721
16667722
16667724
16667728
16667733
16667734
16667741
16667744
16667747
16682730
16682734
16684927
16698648
16725069
16725077
16725080
16757841
16758174
16759280
17750962
17756950
18680317
20803191
21039562
21039691
21581150
21680704
21680713
21680724
21680726
23278031
23278764
23365597
23631982
23748522
23789715
23806091
23818602
23818603
23847178
23847179
23847180
23863720
23891055
23986637
24002872
24042196
24212197
24775980
24776146
24867454
24867836
24867839
24867843
24867844
24867850
24867851
24867852
24867857
24867859
24867860
24867864
24870667
24870684
24870743
24870748
24870755
24870790
24870798
24870808
24870828
24870837
24870839
24870840
24870846
24870849
24870850
24870851
24870858
25017305
25085166
26470832
40473194
40580588
44134702
44134965
44257265
44298077
44386612
44828489
45006101
45006119
45006121
45006128
45006136
45006141
45006145
45006151
45006152
45006157
45006158
45006159
45006161
45006162
45006163
45006164
45006167
45114068
45114150
45114155
45114172
45114181
45934197
45934198
45934200
45934201
45934454
46173365
51529019
51546383
53299176
53299177
53299178
53299179
53299180
53299181
53299182
53299183
53299184
54606933
54671203
54675757
54675761
54675776
54675777
54675779
54675783
54675785
54675850
54676038
54676228
54676533
54676535
54676536
54676539
54676905
54677407
54677440
54677470
54677971
54677972
54677973
54678486
54679299
54679302
54679407
54679563
54679654
54680103
54680431
54680690
54680783
54681536
54682938
54683839
54685614
54685921
54687632
54690315
54693837
54697918
54699186
54699399
54721972
54733074
66649023
71563344
72269074
73303352
74030028
74185567
74315872
78419877
78419879
78420309
78420318
98042554
98042556
98042558
98042560
98042561
98042562
98042563
98042564
98042565
98042566
98042567
98042568
98042569
98042570
98042571
98042572
98042573
98042574
98042575
98042585
98042586
98042587
98042588
98042589
101043452
101043453
101043454
101043455
102602711
135398513
135398579
135398638
135398658
135398700
135398737
135398740
135398742
135398744
135398745
135398747
135399235
135400189
135401907
135403792
135403795
135403796
135403797
135403798
135403800
135403801
135403802
135403803
135403804
135403806
135403808
135403815
135403829
135408763
135409384
135409400
135409452
135417422
135418296
135418979
135419190
135426471
135427225
135443986
135444905
135448155
135457124
135458101
135463899
135472965
135472985
135473051
135473160
135478173
135482587
135484646
135503456
135506532
135515379
135519523
135563568
135667284
135781343
135781395
135781396
135781448
135781449
135823198
135903605
135914959
135921123
135933859
135954527
135954534
135954541
136662751
136662877
136717104
136720448
136720774
136744910
136750077
136750083
136794153
136829529
136829530
136829531
136829532
136829533
136829534
136829535
136829536
136829537
136829548
136829549
146030241
